add
2 2
1 2
3 4
2 2 
5 6
7 8

det
5 5
4 7 0 0 0
2 6 0 0 0
0 0 1 0 0
0 0 0 1 0
0 0 0 0 0

det
2 3
1 2 3
2 3 4

inv
2 2
4 7
2 6

solve
2
2 1 5
1 3 6

trace
3 3
1 2 3
4 5 6
7 8 9

rank
3 3
1 2 3
1 5 6
0 8 9

identity
3 3
1 0 0
0 1 0
0 0 1

identity
3 3
1 2 0
0 1 0
0 0 1

transpose
2 3
1 2 3
4 5 6

sub
2 2
10.0 10.0
10.0 10.0
2 2
1.0 2.0
3.0 4.0

mul
2 3
1 2 3
4 5 6
3 2
7 8
9 10
11 12

det
3 3
6 1 1
4 -2 5
2 8 7

inv
2 2
0 7
0 6

trace
3 3
1 0 0
0 50 0
0 0 50

symmetric
3 3
1 7 3
7 4 -5
3 -5 6

solve
3
2 -1 1 8
-3 3 9 0
-2 1 4 -3

saddle
2 2
5 5
5 5

saddle
3 3
7 8 9
4 5 6
1 2 3

solve
2 
1 1 2
2 2 4

solve
2
0 1 2
1 1 3

solve 
2
0 0 0
1 2 3

solve
1
0

lu
10
0 0 0 0 0 0 0 0 0 0
0 0 0 0 0 0 0 0 0 0
0 0 0 0 0 0 0 0 0 0
0 0 0 0 0 0 0 0 0 0
0 0 0 0 0 0 0 0 0 0
0 0 0 0 0 0 0 0 0 0
0 0 0 0 0 0 0 0 0 0
0 0 0 0 0 0 0 0 0 0
0 0 0 0 0 0 0 0 0 0
0 0 0 0 0 0 0 0 0 0

inv
6 6
2 4 1 2 9 0
6 6 5 2 2 8
5 7 0 8 9 0
8 8 3 4 2 8
3 1 1 0 8 5
4 4 8 7 4 7
















